0 0.873845 1.12029 1.08321 1.0139 0.995443 0.997858 0.99986 1.00007 1.00001 1 1 1 
0.03 0.862194 1.09238 1.06054 1.00927 0.999073 0.999663 0.999066 0.998779 0.998993 0.999125 0.999117 0.999118 
0.06 0.850542 1.06482 1.03794 1.00288 0.99962 0.998819 0.996487 0.99592 0.996255 0.996435 0.996425 0.996427 
0.09 0.838891 1.0376 1.0154 0.994843 0.997299 0.995484 0.992116 0.991434 0.991786 0.991955 0.991946 0.991948 
0.12 0.827239 1.01073 0.992933 0.98525 0.992319 0.989813 0.985964 0.985286 0.985591 0.985715 0.98571 0.985712 
0.15 0.815588 0.984209 0.970548 0.974195 0.984881 0.981957 0.978059 0.977465 0.977685 0.977753 0.977751 0.977753 
0.18 0.803936 0.95803 0.948247 0.961771 0.975177 0.972065 0.96844 0.967981 0.968102 0.968114 0.968115 0.968116 
0.21 0.792285 0.932197 0.926039 0.948068 0.963394 0.960282 0.957161 0.956861 0.956884 0.956849 0.956852 0.956852 
0.24 0.780633 0.90671 0.903929 0.933173 0.94971 0.946749 0.944284 0.944151 0.944087 0.944017 0.944022 0.94402 
0.27 0.768982 0.881569 0.881922 0.917174 0.934296 0.931605 0.929882 0.929909 0.929775 0.929685 0.929689 0.929687 
0.3 0.75733 0.856773 0.860026 0.900154 0.917315 0.914985 0.914036 0.914204 0.914021 0.913925 0.913929 0.913926 
0.33 0.745679 0.832324 0.838246 0.882195 0.898926 0.897019 0.896833 0.897119 0.896908 0.896818 0.89682 0.896818 
0.36 0.734027 0.808221 0.816589 0.863379 0.879279 0.877836 0.878367 0.878742 0.878524 0.878448 0.878449 0.878447 
0.39 0.722376 0.784463 0.79506 0.843783 0.858517 0.857559 0.858733 0.859169 0.858961 0.858906 0.858906 0.858905 
0.42 0.710724 0.761051 0.773665 0.823483 0.836777 0.836308 0.838035 0.838501 0.838319 0.838289 0.838287 0.838286 
0.45 0.699073 0.737985 0.752412 0.802553 0.814191 0.814199 0.816374 0.816843 0.816698 0.816694 0.816691 0.816691 
0.48 0.687421 0.715265 0.731305 0.781067 0.790883 0.791344 0.793857 0.794303 0.794203 0.794223 0.79422 0.794221 
0.51 0.67577 0.692891 0.710352 0.759093 0.766971 0.767851 0.770588 0.77099 0.770939 0.770981 0.770977 0.770979 
0.54 0.664118 0.670863 0.689557 0.736701 0.742567 0.743825 0.746674 0.747014 0.747013 0.747072 0.747069 0.747071 
0.57 0.652467 0.649181 0.668928 0.713956 0.717777 0.719366 0.72222 0.722485 0.722532 0.722602 0.722599 0.722602 
0.6 0.640815 0.627844 0.64847 0.690922 0.692703 0.694569 0.69733 0.697511 0.6976 0.697677 0.697674 0.697677 
0.63 0.629164 0.606854 0.62819 0.667663 0.66744 0.669527 0.672105 0.672197 0.672323 0.6724 0.672398 0.672401 
0.66 0.617512 0.586209 0.608093 0.644237 0.642075 0.644327 0.646645 0.646647 0.646801 0.646873 0.646872 0.646874 
0.69 0.605861 0.56591 0.588186 0.620704 0.616695 0.619054 0.621047 0.620962 0.621134 0.621196 0.621196 0.621198 
0.72 0.594209 0.545958 0.568475 0.597119 0.591376 0.593787 0.595402 0.595236 0.595417 0.595467 0.595468 0.595469 
0.75 0.582558 0.526351 0.548966 0.573537 0.566194 0.5686 0.5698 0.569561 0.569743 0.569777 0.569778 0.569779 
0.78 0.570906 0.50709 0.529666 0.550009 0.541216 0.543567 0.544326 0.544026 0.544199 0.544215 0.544217 0.544217 
0.81 0.559255 0.488174 0.510579 0.526586 0.516506 0.518753 0.51906 0.518712 0.518868 0.518866 0.518869 0.518868 
0.84 0.547603 0.469605 0.491713 0.503317 0.492124 0.494222 0.494078 0.493695 0.493828 0.493808 0.493811 0.49381 
0.87 0.535952 0.451382 0.473073 0.480246 0.468123 0.470032 0.469451 0.469048 0.469151 0.469116 0.469119 0.469117 
0.9 0.5243 0.433504 0.454666 0.45742 0.444553 0.44624 0.445245 0.444837 0.444906 0.444857 0.44486 0.444857 
0.93 0.512649 0.415973 0.436497 0.434879 0.42146 0.422894 0.42152 0.42112 0.421154 0.421095 0.421097 0.421094 
0.96 0.500997 0.398787 0.418574 0.412663 0.398886 0.400043 0.398331 0.397954 0.397951 0.397885 0.397886 0.397883 
0.99 0.489346 0.381947 0.400901 0.390812 0.376866 0.377729 0.375729 0.375386 0.375347 0.375277 0.375279 0.375276 
1.02 0.477694 0.365453 0.383486 0.369361 0.355435 0.355991 0.353757 0.35346 0.353388 0.353318 0.353319 0.353316 
1.05 0.466043 0.349305 0.366334 0.348344 0.334621 0.334864 0.332456 0.332214 0.332111 0.332045 0.332045 0.332043 
1.08 0.454391 0.333503 0.349451 0.327794 0.31445 0.314379 0.311859 0.311679 0.31155 0.311492 0.311491 0.31149 
1.11 0.44274 0.318046 0.332844 0.307741 0.294944 0.294563 0.291995 0.291881 0.291733 0.291685 0.291683 0.291683 
1.14 0.431088 0.302936 0.316518 0.288212 0.276121 0.275441 0.272887 0.272844 0.272681 0.272645 0.272643 0.272644 
1.17 0.419437 0.288172 0.30048 0.269234 0.257997 0.257032 0.254554 0.254581 0.254412 0.25439 0.254388 0.254389 
1.2 0.407785 0.273753 0.284736 0.250831 0.240584 0.239352 0.23701 0.237106 0.236937 0.23693 0.236927 0.236929 
1.23 0.396134 0.25968 0.269291 0.233026 0.223889 0.222416 0.220263 0.220426 0.220262 0.220271 0.220268 0.220271 
1.26 0.384482 0.245953 0.254153 0.215837 0.20792 0.206231 0.204319 0.204542 0.204391 0.204415 0.204412 0.204415 
1.29 0.372831 0.232572 0.239327 0.199285 0.192678 0.190805 0.189178 0.189454 0.189322 0.189359 0.189357 0.18936 
1.32 0.361179 0.219537 0.22482 0.183384 0.178165 0.176141 0.174835 0.175156 0.175048 0.175097 0.175095 0.175098 
1.35 0.349528 0.206848 0.210637 0.168149 0.164377 0.162239 0.161284 0.161639 0.161559 0.161617 0.161616 0.161619 
1.38 0.337876 0.194505 0.196784 0.153591 0.151311 0.149095 0.148513 0.148892 0.148843 0.148907 0.148906 0.148909 
1.41 0.326225 0.182508 0.183268 0.139722 0.138959 0.136704 0.136508 0.136899 0.136882 0.13695 0.13695 0.136953 
1.44 0.314573 0.170856 0.170095 0.126549 0.127312 0.125057 0.125252 0.125643 0.125659 0.125727 0.125728 0.12573 
1.47 0.302922 0.15955 0.157271 0.114079 0.116359 0.114142 0.114724 0.115103 0.115152 0.115217 0.115218 0.115219 
1.5 0.29127 0.148591 0.144802 0.102314 0.106086 0.103947 0.104901 0.105257 0.105337 0.105395 0.105397 0.105397 
1.53 0.279619 0.137977 0.132694 0.0912586 0.0964778 0.0944542 0.0957601 0.0960808 0.0961891 0.096238 0.0962402 0.0962395 
1.56 0.267967 0.127709 0.120954 0.0809115 0.0875184 0.0856456 0.0872731 0.0875494 0.0876815 0.0877186 0.0877213 0.0877196 
1.59 0.256316 0.117787 0.109587 0.0712712 0.0791891 0.0775006 0.0794126 0.0796356 0.0797864 0.07981 0.0798128 0.0798104 
1.62 0.244664 0.108211 0.0985995 0.0623337 0.0714702 0.0699966 0.072149 0.0723117 0.0724752 0.072484 0.0724869 0.0724839 
1.65 0.233013 0.0989804 0.0879978 0.0540933 0.0643407 0.0631094 0.065452 0.0655489 0.0657188 0.0657123 0.0657151 0.0657116 
1.68 0.221361 0.090096 0.0777878 0.0465419 0.0577784 0.0568128 0.0592907 0.0593182 0.0594878 0.0594662 0.0594686 0.0594649 
1.71 0.20971 0.0815575 0.0679758 0.0396697 0.05176 0.0510794 0.0536336 0.0535904 0.0537528 0.053717 0.053719 0.0537153 
1.74 0.198058 0.0733649 0.0585678 0.0334648 0.0462613 0.0458806 0.0484492 0.048336 0.0484845 0.0484362 0.0484377 0.0484342 
1.77 0.186407 0.0655182 0.04957 0.0279132 0.0412574 0.0411863 0.0437061 0.0435259 0.0436543 0.0435959 0.0435967 0.0435937 
1.8 0.174755 0.0580174 0.0409885 0.0229991 0.0367227 0.0369658 0.0393735 0.0391313 0.0392341 0.0391684 0.0391685 0.0391663 
1.83 0.163104 0.0508625 0.0328295 0.0187046 0.032631 0.0331873 0.035421 0.035124 0.0351966 0.035127 0.0351263 0.035125 
1.86 0.151452 0.0440534 0.025099 0.0150097 0.0289558 0.0298188 0.0318192 0.0314767 0.0315155 0.0314456 0.0314441 0.0314438 
1.89 0.139801 0.0375903 0.0178031 0.0118926 0.0256703 0.0268276 0.0285397 0.0281625 0.0281654 0.028099 0.0280969 0.0280977 
1.92 0.128149 0.031473 0.0109481 0.00932923 0.0227474 0.0241811 0.0255556 0.0251561 0.0251223 0.025063 0.0250604 0.0250622 
1.95 0.116498 0.0257016 0.00453992 0.00729377 0.0201602 0.0218465 0.0228412 0.0224329 0.0223633 0.0223146 0.0223116 0.0223144 
1.98 0.104846 0.0202761 -0.00141519 0.00575826 0.0178819 0.0197913 0.0203725 0.0199697 0.0198667 0.0198315 0.0198285 0.019832 
2.01 0.0931946 0.0151965 -0.00691113 0.00469279 0.0158857 0.0179836 0.0181273 0.0177446 0.0176123 0.017593 0.01759 0.017594 
2.04 0.0815431 0.0104628 -0.0119418 0.00406542 0.0141454 0.016392 0.016085 0.0157371 0.0155809 0.015579 0.0155762 0.0155805 
2.07 0.0698916 0.006075 -0.016501 0.00384222 0.0126352 0.0149861 0.0142273 0.0139278 0.0137548 0.0137708 0.0137686 0.0137727 
2.1 0.0582401 0.00203307 -0.0205828 0.00398726 0.01133 0.0137366 0.0125374 0.0122992 0.0121173 0.0121508 0.0121492 0.0121529 
2.13 0.0465886 -0.00166297 -0.0241809 0.00446259 0.0102053 0.0126158 0.0110008 0.0108348 0.010653 0.0107024 0.0107016 0.0107045 
2.16 0.0349371 -0.00501312 -0.0272892 0.00522826 0.00923762 0.0115972 0.00960487 0.00951988 0.00934751 0.00941002 0.0094102 0.00941198 
2.19 0.0232856 -0.00801738 -0.0299016 0.00624235 0.0084044 0.0106567 0.00833873 0.00834078 0.00818733 0.00825931 0.00826042 0.00826089 
2.22 0.0116341 -0.0106758 -0.0320119 0.0074609 0.00768425 0.00977179 0.00719346 0.00728536 0.00715989 0.00723674 0.00723872 0.00723777 
2.25 -1.7377e-05 -0.0129882 -0.0336142 0.00883796 0.00705704 0.00892279 0.00616179 0.0063427 0.00625336 0.00632981 0.00633252 0.00633017 
2.28 -0.0116689 -0.0149548 -0.0347022 0.0103256 0.00650401 0.00809244 0.00523797 0.00550305 0.00545656 0.00552693 0.00553017 0.00552657 
2.31 -0.0233204 -0.0165755 -0.0352698 0.0118738 0.00600793 0.0072665 0.00441756 0.00475776 0.00475883 0.00481745 0.00482093 0.00481638 
2.34 -0.0349719 -0.0178503 -0.0353108 0.0134307 0.00555323 0.00643388 0.0036972 0.00409915 0.00415 0.00419155 0.00419495 0.00418989 
2.37 -0.0466234 -0.0187793 -0.0348193 0.0149422 0.00512608 0.005587 0.0030743 0.00352037 0.00362023 0.00364028 0.00364323 0.00363821 
2.4 -0.0582749 -0.0193623 -0.033789 0.0163525 0.00471457 0.00472205 0.00254672 0.0030153 0.00316003 0.00315547 0.00315762 0.00315327 
2.43 -0.0699264 -0.0195994 -0.0322138 0.0176035 0.00430883 0.00383926 0.00211238 0.00257834 0.0027602 0.00272977 0.00273081 0.00272774 
2.46 -0.0815779 -0.0194907 -0.0300876 0.0186353 0.00390112 0.00294324 0.00176879 0.00220429 0.00241182 0.00235656 0.00235625 0.00235503 
2.49 -0.0932294 -0.0190361 -0.0274043 0.0193859 0.00348602 0.00204323 0.00151264 0.00188816 0.00210639 0.00202994 0.00202821 0.00202922 
2.52 -0.104881 -0.0182355 -0.0241578 0.0197913 0.00306048 0.00115345 0.00133916 0.00162499 0.00183582 0.00174473 0.00174165 0.00174502 
2.55 -0.116532 -0.0170891 -0.0203418 0.0197856 0.00262403 0.000293401 0.00124162 0.00140968 0.00159273 0.00149634 0.00149222 0.00149771 
2.58 -0.128184 -0.0155968 -0.0159504 0.0193008 0.00217884 -0.000511833 0.00121061 0.00123673 0.00137062 0.00128083 0.00127619 0.00128313 
2.61 -0.139835 -0.0137586 -0.0109774 0.0182669 0.00172991 -0.00123125 0.00123336 0.00110013 0.00116424 0.00109471 0.00109032 0.00109754 
2.64 -0.151487 -0.0115745 -0.00541661 0.0166119 0.00128513 -0.00182759 0.00129297 0.00099309 0.000969993 0.000934932 0.000931713 0.000937637 
2.67 -0.163138 -0.00904458 0.00073802 0.0142618 0.000855463 -0.00225703 0.00136757 0.000907883 0.000786519 0.000798706 0.000797663 0.000800397 
2.7 -0.17479 -0.00616871 0.00749263 0.0111406 0.000455049 -0.00246883 0.00142941 0.000835615 0.000615323 0.000683336 0.00068537 0.000683029 
2.73 -0.186441 -0.00294696 0.0148534 0.00717034 0.000101337 -0.00240498 0.00144393 0.000766039 0.000461579 0.000585992 0.000591618 0.000582845 
2.76 -0.198093 0.000620678 0.0228263 0.00227102 -0.000184786 -0.00199986 0.00136871 0.000687367 0.000335083 0.000503409 0.000512358 0.000497148 
2.79 -0.209744 0.00453421 0.0314176 -0.00363937 -0.00037887 -0.0011799 0.00115238 0.000586082 0.000251356 0.000431525 0.00044217 0.000423081 
2.82 -0.221396 0.00879363 0.0406334 -0.0106448 -0.000452771 0.000136808 0.000733451 0.000446763 0.00023294 0.000365005 0.000373599 0.000357479 
2.85 -0.233047 0.0133989 0.0504797 -0.0188314 -0.000374522 0.00204086 3.9058e-05 0.000251927 0.000310879 0.000296676 0.000296331 0.000296692 
2.88 -0.244699 0.0183501 0.0609628 -0.028287 -0.000108209 0.00463189 -0.00101633 -1.81221e-05 0.000526428 0.000216817 0.000196191 0.000236392 
2.91 -0.25635 0.0236472 0.0720888 -0.0391017 0.000386159 0.008019 -0.00253231 -0.000385423 0.000932981 0.000112311 5.3923e-05 0.000171373 
2.94 -0.268002 0.0292902 0.0838637 -0.0513675 0.00115278 0.0123211 -0.00462401 -0.000874467 0.00159826 -3.43834e-05 -0.000156266 9.53282e-05 
2.97 -0.279653 0.0352791 0.0962936 -0.0651785 0.00224018 0.0176672 -0.00742366 -0.00151229 0.00260677 -0.000246451 -0.000468447 6.30893e-07 
3 -0.291305 0.0416138 0.109385 -0.0806306 0.00370136 0.0241972 -0.0110822 -0.00232851 0.00406256 -0.00055417 -0.000927025 -0.000121896 
