-0.5 -2.8276
-0.48 -1.6501
-0.46 -1.15801
-0.44 -0.888767
-0.42 -0.719685
-0.4 -0.604257
-0.38 -0.520974
-0.36 -0.458531
-0.34 -0.410419
-0.32 -0.372634
-0.3 -0.342583
-0.28 -0.318517
-0.26 -0.29922
-0.24 -0.283825
-0.22 -0.2717
-0.2 -0.262384
-0.18 -0.255532
-0.16 -0.25089
-0.14 -0.248273
-0.12 -0.247546
-0.1 -0.24862
-0.08 -0.251438
-0.06 -0.255975
-0.04 -0.262229
-0.02 -0.270223
0 -0.279999
0.02 -0.291621
0.04 -0.305169
0.06 -0.320742
0.08 -0.338456
0.1 -0.358445
0.12 -0.380857
0.14 -0.405859
0.16 -0.43363
0.18 -0.464361
0.2 -0.498257
0.22 -0.535526
0.24 -0.576381
0.26 -0.621027
0.28 -0.669658
0.3 -0.72244
0.32 -0.779501
0.34 -0.840911
0.36 -0.906661
0.38 -0.976638
0.4 -1.0506
0.42 -1.12815
0.44 -1.20871
0.46 -1.29148
0.48 -1.37548
0.5 -1.45948
0.52 -1.54208
0.54 -1.6217
0.56 -1.6967
0.58 -1.7654
0.6 -1.82622
0.62 -1.87779
0.64 -1.91899
0.66 -1.94907
0.68 -1.96769
0.7 -1.9749
0.72 -1.97114
0.74 -1.95718
0.76 -1.93402
0.78 -1.90286
0.8 -1.86496
0.82 -1.8216
0.84 -1.77402
0.86 -1.72335
0.88 -1.67061
0.9 -1.61669
0.92 -1.56234
0.94 -1.5082
0.96 -1.45474
0.98 -1.40237
1 -1.35137
1.02 -1.30197
1.04 -1.25431
1.06 -1.20849
1.08 -1.16455
1.1 -1.1225
1.12 -1.08234
1.14 -1.04403
1.16 -1.00752
1.18 -0.972759
1.2 -0.939675
1.22 -0.908198
1.24 -0.878256
1.26 -0.849775
1.28 -0.822681
1.3 -0.796902
1.32 -0.772368
1.34 -0.749012
1.36 -0.726767
1.38 -0.705573
1.4 -0.685371
1.42 -0.666104
1.44 -0.64772
1.46 -0.630169
1.48 -0.613403
1.5 -0.59738
